var geometry_costa = 
    /* color: #2fa2d6 */
    /* shown: false */
    ee.Geometry.Polygon(
        [[[-70.49686385901639, -18.80393924378425],
          [-70.37601782874565, -19.439706644487497],
          [-70.40897783423236, -20.36680085122029],
          [-70.33756954093488, -21.034789055621943],
          [-70.34855703205557, -21.761027283099242],
          [-70.485884890796, -22.846029211315155],
          [-70.73307135882774, -22.952291553132326],
          [-70.80448168495533, -23.615790011277614],
          [-70.60947939929127, -23.65353229972359],
          [-70.64518440115901, -23.864686042290653],
          [-70.73032776735444, -24.84050358945818],
          [-70.61497522946746, -25.3007353843835],
          [-70.80448435496234, -25.429785039475135],
          [-70.91159873115528, -25.905076847020986],
          [-70.85117611139964, -26.230735108345147],
          [-70.9885021317502, -26.90380969871803],
          [-71.13132033209023, -27.050668198141857],
          [-71.12308119032782, -27.368202329620654],
          [-71.05441890460276, -27.524193612895903],
          [-71.194490552516, -27.73832034611285],
          [-71.43618291585491, -28.49892542245747],
          [-71.66894370577882, -29.061014241534796],
          [-71.4581555295887, -29.40493674831013],
          [-71.52407175694944, -30.06791129027071],
          [-71.73829793228818, -30.110686159789438],
          [-71.83442517362894, -30.65561984115124],
          [-71.73555198805374, -31.59837499710014],
          [-71.62019983438107, -31.87866662189751],
          [-71.6421718420796, -32.17205756713918],
          [-71.543298673262, -32.40887473515688],
          [-71.62569327429861, -32.76755643716159],
          [-71.69984825048171, -32.87603389092972],
          [-71.86463699140103, -33.05576757068322],
          [-71.84815816534237, -33.23743226548826],
          [-71.89484830135093, -33.41413531632671],
          [-71.77949635399357, -33.58819166808142],
          [-71.90034129526232, -33.69565641083913],
          [-72.13379159850214, -34.12189724094919],
          [-72.07611563636021, -34.30359397096324],
          [-72.23815733252472, -34.839564254366394],
          [-72.46336778075018, -35.02419930089814],
          [-72.83688698879507, -35.54879351726026],
          [-72.97695613775544, -36.00779377575131],
          [-73.14174321207145, -36.488429757401505],
          [-73.36145942299478, -36.89145557364166],
          [-73.60314821435395, -36.829927785534224],
          [-73.87779293083169, -37.32513225175974],
          [-73.75420187247155, -37.45387782132057],
          [-73.91074985728004, -37.51707885716393],
          [-73.84483410457948, -37.7628331455634],
          [-73.66905951853312, -38.23032706060713],
          [-74.00961992557824, -38.264838256080154],
          [-73.98764777704808, -38.41778101386132],
          [-73.68828325556328, -38.74840443174852],
          [-73.49328360998057, -39.32438836415765],
          [-73.67729463164538, -39.73534014281871],
          [-73.91623517934387, -39.88723921040331],
          [-74.07278048506866, -40.5060915506048],
          [-74.26228318247108, -41.00953633779595],
          [-74.10023965170835, -41.904882238646366],
          [-73.04560707711525, -42.055960975825755],
          [-72.60743770603023, -41.754771993503155],
          [-72.60753287898686, -41.60060691176035],
          [-72.75879642930022, -41.49447124841705],
          [-72.99194830794521, -41.42915391663367],
          [-73.11969841663509, -41.59597343814636],
          [-73.13791810436481, -41.72371458519078],
          [-73.38075501681294, -41.74093689015276],
          [-73.4768050043492, -41.77495575216533],
          [-73.69393539573267, -41.73200591140978],
          [-73.61556074208873, -41.57749621449805],
          [-73.69102237849968, -41.477270474042164],
          [-73.76242894032883, -41.53383706847996],
          [-73.79264027654831, -41.381522598138666],
          [-73.93133796262364, -40.98051445784043],
          [-73.83246726031045, -40.93177355296352],
          [-73.84207795588452, -40.853917141760455],
          [-73.78714969338034, -40.66252483077624],
          [-73.69652051860471, -40.552016008936015],
          [-73.73771434010291, -40.451775109581966],
          [-73.73355198204663, -40.30208473874362],
          [-73.68553255112246, -40.223588395297504],
          [-73.63606328826869, -40.14586392292771],
          [-73.64708295030691, -39.9967344340237],
          [-73.54821094421514, -39.956746542940564],
          [-73.35862004642564, -39.95990948297981],
          [-73.37518503997202, -39.82820650521898],
          [-73.38751419046493, -39.70888873527092],
          [-73.3202564372681, -39.66772137499218],
          [-73.16920230278517, -39.38385067460622],
          [-73.22962463951016, -39.17976783061747],
          [-73.26395400643199, -38.885354457730074],
          [-73.44659551390485, -38.68197227560411],
          [-73.50158343940853, -38.52085578331179],
          [-73.50427175760913, -38.39625845688702],
          [-73.4314073387192, -38.217220270401064],
          [-73.4273717482527, -38.08563581242075],
          [-73.50175117220168, -37.903649209767096],
          [-73.61413172523989, -37.7302572841035],
          [-73.63885014303244, -37.61939355357136],
          [-73.57908535597971, -37.527396045790624],
          [-73.57705610864072, -37.48112589093885],
          [-73.59633515102846, -37.39168663260757],
          [-73.66357022548733, -37.32513084748994],
          [-73.59216145742772, -37.18741345482308],
          [-73.46108017726687, -37.2421578976352],
          [-73.32987340609716, -37.25958245644435],
          [-73.2109567444725, -37.199454171730046],
          [-73.13512792826246, -37.12446810168449],
          [-73.14723723021397, -37.08669760026067],
          [-73.12938270376566, -37.05874632788301],
          [-73.14448874902175, -36.999010292562915],
          [-73.0840676447228, -36.800172870563394],
          [-73.1499820414853, -36.79694526419915],
          [-73.10466537548098, -36.73424120872162],
          [-73.0621016578004, -36.75296124484668],
          [-72.98656879909299, -36.74744333189537],
          [-72.92477248069177, -36.56788008801027],
          [-72.77921078362037, -36.26398415480863],
          [-72.80391478885416, -36.19575944654645],
          [-72.75998535672339, -36.01001527031274],
          [-72.54164259940774, -35.79087701997416],
          [-72.60069073665282, -35.60017227117992],
          [-72.49210412683532, -35.49398065200033],
          [-72.44963518316288, -35.387741967750294],
          [-72.4029468233537, -35.328382857218564],
          [-72.36174828844334, -35.230855328793865],
          [-72.18048137176042, -35.136577354093525],
          [-72.16671223467698, -34.97237044664384],
          [-72.1475245761929, -34.89927816073935],
          [-72.04983999666054, -34.76553063327125],
          [-72.04041379427017, -34.5527871254693],
          [-72.00607487704073, -34.50411926519943],
          [-72.0239326510287, -34.43507884221121],
          [-71.96488509150755, -34.36822685224878],
          [-71.9690031947847, -34.144630745394366],
          [-71.81637238145144, -33.92826248525528],
          [-71.77949641863768, -33.787010062332506],
          [-71.63667968988888, -33.71165038188058],
          [-71.58793040871451, -33.53498212990481],
          [-71.61147219802099, -33.49877066259708],
          [-71.63088409414645, -33.49461767653605],
          [-71.69504383145751, -33.405538230642804],
          [-71.64868411901917, -33.36884042905082],
          [-71.64354810470746, -33.32754941681392],
          [-71.64686279140676, -33.25733538966227],
          [-71.69546121009714, -33.20319308788241],
          [-71.6691668269852, -33.18612020487025],
          [-71.72662965478808, -33.10581937787007],
          [-71.68566304356494, -33.11430461916742],
          [-71.65568336348299, -33.10552450889798],
          [-71.64724351531233, -33.037919265529204],
          [-71.62029044978235, -33.06008161241778],
          [-71.53841494485313, -33.018903662711445],
          [-71.54193273619414, -32.93829009346178],
          [-71.49541665781528, -32.9299173317705],
          [-71.49698706976778, -32.862742821116576],
          [-71.53712201500333, -32.79641913377052],
          [-71.49839419364889, -32.787899160716854],
          [-71.47203826320373, -32.764360966759135],
          [-71.49623979598938, -32.720750502562865],
          [-71.46860710680784, -32.72336360107692],
          [-71.43968856693631, -32.692888553253184],
          [-71.43275706145086, -32.65663194056966],
          [-71.41732438997141, -32.64541320523639],
          [-71.42386800754609, -32.60296885903952],
          [-71.44721444185346, -32.578234858694614],
          [-71.46777268289466, -32.51720796075563],
          [-71.4335135915333, -32.514809222101746],
          [-71.42535422861151, -32.491560221612254],
          [-71.41453844439388, -32.42594897986857],
          [-71.39018288117846, -32.395542476840724],
          [-71.41529070653662, -32.357471675474315],
          [-71.45822833213344, -32.334471810218346],
          [-71.46647576739234, -32.25539000972168],
          [-71.53094235742503, -32.19239682271172],
          [-71.49453953653402, -32.121749538827395],
          [-71.51857171502085, -32.0813405110785],
          [-71.47736053800509, -31.983024032624623],
          [-71.48149772895076, -31.944104262739074],
          [-71.4966091131896, -31.927998855187926],
          [-71.48699861900067, -31.8920774527449],
          [-71.49936196061672, -31.85679920734053],
          [-71.52219043752764, -31.83799062509756],
          [-71.53368725593363, -31.846011195315516],
          [-71.51067702927249, -31.81070923277341],
          [-71.49317772560767, -31.766067303423338],
          [-71.52956691013325, -31.73804420564088],
          [-71.53441201186406, -31.634478101994883],
          [-71.57900319554022, -31.43266128369229],
          [-71.65048206311238, -31.160508437236885],
          [-71.63118638152966, -31.024604885680663],
          [-71.68655492616854, -30.82206498053303],
          [-71.68325567609789, -30.715179451444744],
          [-71.70465651435646, -30.607112584770974],
          [-71.68043174699709, -30.556039458797184],
          [-71.68643219155315, -30.483677100785584],
          [-71.64831951382394, -30.31225931250562],
          [-71.62294548872244, -30.29991692079082],
          [-71.58380674815433, -30.318882544000488],
          [-71.51319582322164, -30.303172434828646],
          [-71.47080659037609, -30.2566163431494],
          [-71.46846176279396, -30.209764159294],
          [-71.40707207892619, -30.21241466204168],
          [-71.35944510139552, -30.15688086888755],
          [-71.36237260625468, -30.08382526964442],
          [-71.3860623973556, -30.010192160881072],
          [-71.34485493205975, -29.992952520519964],
          [-71.33387015045741, -29.97570772743795],
          [-71.2741444995278, -29.955481526848423],
          [-71.26145442881118, -29.8868737757072],
          [-71.27348495878134, -29.84445983274008],
          [-71.27451115407175, -29.818100481772543],
          [-71.33044549707999, -29.761945835753654],
          [-71.31018631646832, -29.727064585042267],
          [-71.31053471431049, -29.687412089949667],
          [-71.27963995335763, -29.624952235958457],
          [-71.28171773228969, -29.60188307431854],
          [-71.32222451277656, -29.559326887150704],
          [-71.29817437712346, -29.47902054101496],
          [-71.29726228157887, -29.418384105839127],
          [-71.32037744158094, -29.39482362195112],
          [-71.3212635214709, -29.33154408287472],
          [-71.4464843373095, -29.24204325070531],
          [-71.4731171969154, -29.174585121232763],
          [-71.49560921234853, -29.155081696111754],
          [-71.46282148259463, -29.12808507665596],
          [-71.44927274092964, -29.1010844667506],
          [-71.48050838274595, -28.993054025106172],
          [-71.49798081633433, -28.972687323715146],
          [-71.4811987452808, -28.87272182825677],
          [-71.36833832875107, -28.801552176199856],
          [-71.25820032608675, -28.643473466986087],
          [-71.30160722425533, -28.576674057635966],
          [-71.26806271205216, -28.56317934177563],
          [-71.24414291715063, -28.5352037481178],
          [-71.24436884782398, -28.481667639539573],
          [-71.20752939418259, -28.475806650673583],
          [-71.18855446191981, -28.43975796388147],
          [-71.14993263115149, -28.352560802251478],
          [-71.18272821554706, -28.3088686978115],
          [-71.14882578663534, -28.249353458098362],
          [-71.15112187099919, -28.105797671016504],
          [-71.13008566950153, -28.083346692415766],
          [-71.12788899896742, -27.95438478092504],
          [-71.08664543817297, -27.897281960772137],
          [-71.09828940877118, -27.856597158359016],
          [-71.07632485939166, -27.83234542734935],
          [-71.01047515885419, -27.70361027735987],
          [-70.94420598861495, -27.679295051617938],
          [-70.92190346066238, -27.65496575635306],
          [-70.88808087933681, -27.631983810793063],
          [-70.89958597770313, -27.582231852986954],
          [-70.8752111891698, -27.49489958703281],
          [-70.9248691527891, -27.394997376878607],
          [-70.9497663331544, -27.371886798806937],
          [-70.9082388891825, -27.31896024267077],
          [-70.94461967508529, -27.266787467487706],
          [-70.93634943837202, -27.229279781072833],
          [-70.9473050039567, -27.18688743212029],
          [-70.93013981401113, -27.125182074589194],
          [-70.91297813467662, -27.15145724799856],
          [-70.88001584595445, -27.147178766505533],
          [-70.84790630613918, -27.12853595589177],
          [-70.83503348854931, -27.09766670461193],
          [-70.83950974699708, -27.06955749667704],
          [-70.79917207336788, -27.071664518175314],
          [-70.77945729282794, -26.984477610872773],
          [-70.8038312735094, -26.90063425611304],
          [-70.82783403899543, -26.883536685522486],
          [-70.80708619444056, -26.871614866251694],
          [-70.80694044667332, -26.86183611259672],
          [-70.79168587521029, -26.840724199925877],
          [-70.79737601611174, -26.83125297434837],
          [-70.77631155440177, -26.80434451711976],
          [-70.77928428369388, -26.7841771658401],
          [-70.73390975912207, -26.766370443303728],
          [-70.73008952059001, -26.73445791556204],
          [-70.74739372218725, -26.722548637031583],
          [-70.74973062765532, -26.70932128328471],
          [-70.72146530763487, -26.69572043137773],
          [-70.71483664859976, -26.666473335375212],
          [-70.72096669344175, -26.6483286113002],
          [-70.70907736457285, -26.638788626187406],
          [-70.6769459262485, -26.57246352555],
          [-70.67753171608057, -26.560439567983295],
          [-70.70317438756894, -26.514938052909347],
          [-70.69852693684977, -26.502588881002374],
          [-70.68495471183445, -26.49454051208615],
          [-70.68321952869299, -26.464001935788403],
          [-70.68094233964855, -26.45209821930697],
          [-70.6945671335715, -26.428624088741284],
          [-70.6912495162132, -26.41350494035064],
          [-70.69445527432734, -26.39623333547463],
          [-70.67265377666486, -26.398387197202442],
          [-70.66183964552752, -26.39162058315129],
          [-70.65583512176397, -26.368553845037695],
          [-70.63643463148769, -26.363978520518177],
          [-70.62613365412085, -26.358479873884086],
          [-70.62201408687172, -26.346828283857732],
          [-70.6287105079996, -26.327176554636228],
          [-70.63927899093285, -26.301557421879206],
          [-70.67044212076021, -26.296863605449737],
          [-70.64031472647915, -26.26346297385704],
          [-70.64761681731194, -26.235603448665607],
          [-70.65646075183835, -26.221754452775468],
          [-70.66264295582879, -26.217606388257497],
          [-70.6671051405997, -26.216805248467082],
          [-70.66693223717144, -26.205069651657386],
          [-70.66542903787182, -26.196029156839625],
          [-70.65431406931631, -26.187835023953355],
          [-70.65375710033895, -26.177331270224254],
          [-70.66171787978766, -26.172502937209337],
          [-70.66864843823154, -26.173374407060354],
          [-70.66311039362813, -26.162638906793845],
          [-70.66375290793766, -26.147897273478232],
          [-70.65259200826613, -26.145514601547948],
          [-70.64864206734083, -26.133577027835255],
          [-70.65617590379195, -26.102488193212285],
          [-70.6520565425682, -26.06455453162186],
          [-70.63042677241253, -26.059927887011956],
          [-70.62596538223754, -26.01860196586078],
          [-70.62168196773338, -26.010493517065072],
          [-70.62495213743603, -25.971835707266486],
          [-70.6607481354406, -25.92807642274666],
          [-70.67112743133727, -25.915649872878248],
          [-70.70799509923418, -25.839199126437997],
          [-70.72101047873534, -25.829319247669606],
          [-70.73196454651038, -25.825618773354822],
          [-70.71581995583925, -25.808170684912568],
          [-70.72439648093697, -25.792886125295905],
          [-70.69846701132873, -25.77914958260614],
          [-70.68044219296513, -25.749951006060062],
          [-70.68576065352042, -25.7351602838228],
          [-70.68807575331284, -25.701086575346363],
          [-70.67666034104121, -25.672426418967927],
          [-70.63134445374128, -25.6565215263953],
          [-70.62929721657332, -25.629471175922372],
          [-70.63858273731111, -25.604308101999898],
          [-70.63012981716494, -25.554405825735312],
          [-70.63952999811164, -25.54167042541104],
          [-70.63296290793608, -25.531255332364264],
          [-70.62674083365003, -25.516967037008826],
          [-70.61794580652285, -25.507741210250686],
          [-70.56846846707981, -25.511058548832107],
          [-70.55517964160934, -25.494296069740745],
          [-70.53322018442122, -25.49187011122005],
          [-70.52087642359768, -25.477975246892107],
          [-70.51476270984655, -25.45184210267373],
          [-70.51368277205282, -25.43993844548509],
          [-70.52118566711668, -25.434545510783703],
          [-70.52096344123777, -25.417602847696806],
          [-70.50838297573115, -25.408567080386607],
          [-70.49150873177942, -25.416272127126373],
          [-70.47939031791694, -25.40895137662018],
          [-70.4713935269855, -25.396978058219016],
          [-70.45970580197582, -25.39438648230191],
          [-70.44836247404707, -25.385900893422548],
          [-70.43801270898345, -25.35568069708819],
          [-70.4499327497543, -25.302686061900456],
          [-70.42970854092978, -25.260076682142063],
          [-70.4328354288484, -25.2401326004343],
          [-70.4299751352892, -25.20289487370668],
          [-70.45953732337526, -25.138163736735297],
          [-70.48142928129137, -25.115528818482662],
          [-70.49147304380061, -25.110921572217304],
          [-70.49795313369819, -25.109550890193432],
          [-70.50185837796128, -25.1126877181206],
          [-70.50181512686076, -25.10618699861651],
          [-70.50314509591723, -25.099219945923757],
          [-70.50462446770904, -25.09150126395503],
          [-70.48464759268126, -25.080361821051838],
          [-70.47788692215103, -25.057171560560278],
          [-70.47936694996376, -25.047976818681907],
          [-70.4651611078173, -25.024456823326922],
          [-70.45782723061106, -24.98786933195189],
          [-70.48744788706692, -24.950832354903515],
          [-70.5239144952719, -24.911453474723388],
          [-70.51532363076888, -24.862433597072517],
          [-70.54209211225329, -24.839966989898958],
          [-70.5401881756542, -24.83054211369179],
          [-70.54034455785084, -24.785749940269017],
          [-70.55695727033594, -24.745780531508004],
          [-70.5634587595817, -24.740487867813957],
          [-70.5721913987724, -24.738468803425526],
          [-70.57266019641095, -24.73456836066556],
          [-70.57315207903564, -24.72961692552161],
          [-70.57536053240167, -24.72560101980265],
          [-70.55829333740435, -24.704351012072735],
          [-70.56903211687141, -24.6593903629676],
          [-70.55848509556125, -24.65295806246808],
          [-70.55480548207545, -24.646525432263786],
          [-70.55352925557054, -24.633229496428136],
          [-70.55705948674841, -24.62305442111625],
          [-70.54523878807828, -24.594901496076186],
          [-70.55569323069929, -24.57185084219605],
          [-70.56520964490996, -24.560791522623227],
          [-70.563738612842, -24.547858466435503],
          [-70.53951915615698, -24.498839909345183],
          [-70.5276761630818, -24.432323078957186],
          [-70.53146719321488, -24.335540414801887],
          [-70.48742967110778, -24.16795738506925],
          [-70.50384042350174, -24.130646484439325],
          [-70.48109222892113, -24.112440543655797],
          [-70.50503647882437, -24.022775597354823],
          [-70.4856304693487, -23.914283208471463],
          [-70.492328219428, -23.80579057166126],
          [-70.43530877578048, -23.750173123619003],
          [-70.3865881811774, -23.660596113707694],
          [-70.37913397090486, -23.60994376501645],
          [-70.38541340846787, -23.560549783177578],
          [-70.3931422925652, -23.527817645095375],
          [-70.44700801997855, -23.46989769319599],
          [-70.48957137314947, -23.455725517860277],
          [-70.50878686133143, -23.461703500459386],
          [-70.54003248120885, -23.49476580242601],
          [-70.54244839995643, -23.53538283051517],
          [-70.59129085971978, -23.47754212394165],
          [-70.57558601760715, -23.417167096062734],
          [-70.58948804388736, -23.363190354586575],
          [-70.56923626955636, -23.324571436533866],
          [-70.58502718135135, -23.296521059870678],
          [-70.5850202831542, -23.250535614081382],
          [-70.58090292644955, -23.229084628870254],
          [-70.54587969122106, -23.20100014659648],
          [-70.55892860949116, -23.156505078533186],
          [-70.54948439556647, -23.11466639685955],
          [-70.55652064467364, -23.085458123503482],
          [-70.51017720230598, -23.05040087081253],
          [-70.50846573743702, -23.07851238874479],
          [-70.49164454571951, -23.101569780518528],
          [-70.45044161209073, -23.11167135339416],
          [-70.39550116676837, -23.090521916371827],
          [-70.34607729948375, -23.051668592001654],
          [-70.29839492213308, -22.968052336776495],
          [-70.2933086910119, -22.9324764173424],
          [-70.27652936208058, -22.91428507221798],
          [-70.27760751308334, -22.858142251899327],
          [-70.30111792228706, -22.810687243326846],
          [-70.29457718177748, -22.768954289736655],
          [-70.2684727272013, -22.722046055492427],
          [-70.26709922236327, -22.657401801652416],
          [-70.24855284899881, -22.633285727988483],
          [-70.26089249870594, -22.5749336035885],
          [-70.24028529628208, -22.541322402142793],
          [-70.2251817115315, -22.495024927990926],
          [-70.23891998817587, -22.45831147141877],
          [-70.22519196563124, -22.33274236749899],
          [-70.21247646879635, -22.167598778649698],
          [-70.18397549758892, -22.09013164105482],
          [-70.1748709307898, -22.05711204228253],
          [-70.15342385808727, -21.92988779311274],
          [-70.1668292435399, -21.908469819286957],
          [-70.11859092863635, -21.855546290965812],
          [-70.14315020232091, -21.766930641914335],
          [-70.12992427425002, -21.723893118872617],
          [-70.13318204478794, -21.655338686013632],
          [-70.08783728015733, -21.61702095497123],
          [-70.0631151839317, -21.560821164086402],
          [-70.04048632111778, -21.44331387997722],
          [-70.080029085297, -21.351629138148382],
          [-70.05171690622863, -21.31793562977118],
          [-70.07010222093288, -21.213869279791076],
          [-70.11198285005278, -21.089340484397358],
          [-70.15583963740626, -21.020898981620036],
          [-70.11258241966206, -20.95486773526937],
          [-70.12493927622272, -20.87405537051594],
          [-70.17164362737189, -20.811779316267184],
          [-70.1764487924776, -20.70774924685457],
          [-70.165450535587, -20.569002023316834],
          [-70.14519064145942, -20.471560279881412],
          [-70.14691266358257, -20.421718025821253],
          [-70.15412387648178, -20.390503603400017],
          [-70.17643619299112, -20.36572420042117],
          [-70.13867414289399, -20.342549890886403],
          [-70.11035705391157, -20.293124743313516],
          [-70.12665517619143, -20.229519769912407],
          [-70.11412409993626, -20.18102610517477],
          [-70.13283469845624, -20.15798869631128],
          [-70.0981603492273, -20.110661237759913],
          [-70.10126860261725, -19.97821147204511],
          [-70.12427567585077, -19.899418863476164],
          [-70.10994242501313, -19.88203942036913],
          [-70.11826888421946, -19.85109980444958],
          [-70.13560282718599, -19.82505653536541],
          [-70.12340449937659, -19.785133429449967],
          [-70.13798335804243, -19.658621328979127],
          [-70.17798610304126, -19.617880636609048],
          [-70.21042282988003, -19.600415739676087],
          [-70.17934633831383, -19.59070394970544],
          [-70.17368782244637, -19.48782557128081],
          [-70.25059005956716, -19.2520388449022],
          [-70.24509679945328, -19.148288796620793],
          [-70.28904098369108, -19.026298999857623],
          [-70.28595039080808, -18.999032984513523],
          [-70.28320452474767, -18.98052972659308],
          [-70.31650588792999, -18.83664798214514]]]);
